0.014960
-0.027014
-0.042376
-0.080405
0.064808
-0.034899
-0.026456
-0.033085
-0.120639
-0.085916
-0.005972
-0.061627
0.013919
-0.078529
-0.057504
0.020193
-0.076025
-0.093051
0.078898
0.072424
0.071916
-0.016503
0.002774
-0.018405
0.062564
-0.075549
-0.007279
0.048415
0.037040
-0.030209
-0.104105
-0.091984
-0.044109
0.023011
-0.031192
-0.054863
-0.040192
-0.122375
-0.118223
-0.073385
-0.162710
-0.221077
-0.160369
-0.105322
-0.155213
-0.022982
-0.099706
0.035699
0.029728
0.087640
0.124900
0.265505
0.196464
0.223698
0.154884
0.072527
0.271443
0.190404
0.253541
0.194899
-0.072970
0.047197
0.104424
0.049559
-0.230915
-0.024678
-0.124839
-0.127200
-0.126920
-0.110954
-0.270715
-0.177409
-0.066762
-0.020700
-0.092890
0.038099
0.024290
0.048434
0.124795
0.184350
0.112863
0.062975
0.079168
0.024077
-0.019292
-0.037616
0.018792
0.022218
-0.011409
-0.022077
-0.042690
-0.035031
0.110891
0.079594
-0.012881
0.175640
0.232586
-0.039916
0.066900
0.062093
-0.098205
0.041792
0.054923
-0.013764
-0.093398
-0.035604
-0.148794
0.027808
-0.018274
-0.046006
0.038077
0.200726
0.099388
0.194669
0.119821
-0.150745
0.080766
0.294532
0.247006
0.037014
0.171356
0.125426
0.223438
0.248399
0.121326
-0.288369
-0.045146
-0.033416
0.027275
-0.077925
0.107731
-0.101259
0.023183
0.075528
-0.000771
-0.042130
-0.035888
-0.005234
0.084807
0.081037
0.112415
0.030212
-0.074266
-0.117299
0.076040
-0.010845
0.010156
0.098810
0.053574
-0.030571
-0.132180
-0.087731
-0.049112
-0.108138
-0.208251
-0.066888
-0.196393
-0.023979
-0.140102
-0.213596
-0.081800
0.068881
-0.058288
0.111889
0.261107
0.090694
0.086910
0.179318
0.117109
0.168907
0.260058
0.035596
-0.061929
0.172418
-0.187067
-0.271212
-0.041210
-0.109261
-0.063473
-0.143290
-0.057994
-0.001108
-0.102976
0.030463
0.152095
-0.107702
0.024968
0.004719
-0.088133
0.069451
-0.010933
-0.156105
0.076126
-0.070324
-0.107657
-0.033272
-0.047939
-0.148553
-0.058784
0.086844
